100
75 799190861168
641 1031591398500
686 121877752944
460 18390546720
364 1727422652340
516 1260167871144
230 1460061375080
627 35251393291380
255 9615661732950
264 1203394409910
535 160587830186
641 841312350384
739 218828595708
739 6655227919488
505 312229323000
541 2583695285790
493 8155968906960
516 742040098800
57 3502038314752
835 4873553194050
701 753362512317
111 210004524243
1465 892131754976
868 16777890888720
498 11506565938725
41 940537574816
799 3559444744680
287 1789158325392
540 134546373455
373 1032901159290
399 7961827127232
599 3252362368640
98 4181335634902
583 730111810050
641 15919312827264
38367 865753728840
637 32808995139816
217 10176603744384
626 3730043837520
835 4356210441440
188 17944076534022
492 1997244538380
452 2421518386560
209 7549787949120
17 721528819200
71263 6388949889462
912 2435288746366
902 21878692149680
852 13880780619816
167 686956455900
359 19312811567040
837 621941790015
894634 4807899951360
543 319241220480
557 2674305174870
30 295617985488
895 2897041898510
759 12992655448080
64 2352378272140
315 2820305956875
323 5904204429480
323 17099003997504
9593646 84819520656
960 26582678820
539 10006129577925
962 7590417076020
533 6847464825132
443 283418916480
728 1580045595975
95 6397424326200
367 14035141013985
513 602839773432
140 17593996279200
286 83516290794
347634 1282276472400
347 16007844480
348 343106646960
769 3797840102400
963 36117055624800
464 12192469780335
704 420516978336
971 17027485870500
746 644629209840
596 927643784445
957 1774609917696
885 2647560290760
38 5621908032
6895346 4731837578490
868 4566514361280
911 202427657712
862 2501364902400
357 1375017315840
740 38848772113200
632 1939663754028
726 218774593440
772 6201210073380
141 6728935398780
529 1208594285880
104 2060552362806
167856 1355581229728
